1 
79 
26 
70 
105 
21 
67 
45 
14 
116 
68 
29 
7 
94 
111 
114 
54 
71 
17 
13 
44 
50 
103 
32 
92 
3 
42 
6 
75 
108 
12 
2 
24 
23 
123 
110 
109 
106 
118 
107 
62 
69 
83 
87 
101 
91 
37 
72 
74 
81 
36 
89 
25 
46 
93 
39 
122 
47 
65 
27 
9 
76 
120 
51 
95 
97 
18 
56 
84 
60 
64 
102 
115 
35 
90 
8 
77 
86 
49 
10 
11 
22 
28 
121 
113 
100 
119 
73 
58 
43 
5 
15 
96 
99 
80 
88 
48 
66 
30 
38 
82 
57 
19 
85 
125 
59 
41 
124 
20 
40 
55 
104 
4 
78 
53 
34 
126 
117 
98 
61 
112 
16 
31 
52 
63 
33 
1 
