1 
76 
53 
122 
85 
105 
107 
87 
80 
78 
23 
81 
13 
103 
52 
75 
28 
82 
93 
56 
2 
61 
20 
68 
25 
74 
72 
88 
42 
90 
9 
94 
17 
14 
50 
118 
22 
59 
126 
123 
66 
6 
79 
113 
124 
109 
3 
7 
77 
96 
95 
97 
91 
111 
119 
84 
32 
55 
51 
114 
65 
73 
112 
58 
43 
38 
83 
49 
35 
116 
98 
117 
8 
100 
46 
26 
45 
10 
62 
16 
37 
70 
110 
69 
31 
121 
102 
54 
64 
63 
44 
71 
34 
12 
24 
115 
120 
125 
5 
36 
67 
89 
30 
86 
101 
4 
108 
41 
99 
19 
104 
21 
11 
92 
60 
39 
106 
18 
15 
47 
40 
57 
48 
27 
33 
29 
1 
