1 
6 
123 
31 
39 
5 
63 
107 
103 
51 
2 
9 
3 
50 
64 
65 
72 
43 
15 
62 
53 
121 
60 
45 
82 
122 
40 
11 
95 
55 
111 
24 
35 
38 
10 
106 
113 
76 
22 
93 
26 
19 
86 
80 
49 
4 
23 
87 
96 
54 
20 
25 
41 
102 
16 
110 
34 
126 
97 
116 
58 
61 
115 
83 
77 
57 
44 
71 
36 
52 
29 
81 
37 
85 
119 
14 
101 
104 
108 
30 
8 
13 
67 
79 
105 
69 
27 
99 
117 
33 
100 
68 
32 
114 
120 
59 
98 
92 
12 
18 
73 
28 
48 
56 
124 
7 
21 
78 
90 
91 
46 
89 
66 
118 
109 
42 
125 
74 
94 
70 
88 
47 
84 
75 
112 
17 
1 
