1 
71 
99 
82 
13 
97 
106 
101 
40 
39 
3 
42 
52 
35 
60 
122 
7 
111 
77 
81 
30 
108 
115 
54 
85 
47 
8 
66 
59 
5 
14 
18 
124 
57 
34 
73 
114 
17 
64 
69 
109 
120 
24 
6 
80 
27 
45 
126 
123 
12 
78 
100 
41 
112 
19 
31 
125 
88 
26 
33 
98 
117 
68 
56 
70 
63 
44 
89 
104 
15 
37 
58 
105 
51 
49 
107 
22 
67 
61 
119 
9 
46 
32 
11 
72 
75 
76 
50 
21 
84 
10 
25 
116 
48 
87 
74 
23 
83 
121 
91 
113 
29 
2 
20 
16 
103 
93 
55 
92 
94 
79 
4 
43 
53 
65 
86 
62 
95 
90 
102 
118 
38 
28 
96 
110 
36 
1 
