1 
22 
106 
42 
52 
94 
60 
2 
73 
12 
8 
62 
6 
112 
89 
122 
45 
63 
30 
111 
33 
23 
80 
90 
105 
104 
78 
123 
77 
108 
86 
126 
49 
84 
64 
44 
51 
54 
61 
82 
76 
40 
70 
100 
39 
13 
114 
18 
59 
71 
3 
50 
5 
102 
115 
25 
19 
17 
91 
99 
57 
65 
69 
67 
93 
101 
58 
118 
9 
124 
24 
96 
31 
87 
20 
120 
55 
116 
98 
29 
95 
47 
97 
48 
16 
27 
53 
10 
119 
79 
68 
109 
88 
117 
72 
113 
11 
21 
15 
37 
35 
26 
92 
107 
4 
66 
83 
121 
46 
75 
14 
7 
28 
38 
103 
36 
32 
41 
81 
85 
110 
74 
125 
43 
34 
56 
1 
