1 
95 
21 
74 
47 
84 
82 
104 
6 
124 
12 
24 
20 
39 
109 
53 
27 
121 
49 
35 
69 
17 
14 
5 
50 
7 
54 
25 
101 
10 
85 
98 
93 
91 
9 
102 
60 
48 
16 
68 
71 
83 
4 
114 
100 
62 
103 
116 
31 
26 
11 
96 
58 
118 
34 
94 
67 
63 
52 
32 
70 
66 
28 
107 
56 
30 
125 
112 
90 
22 
120 
119 
44 
18 
105 
65 
8 
19 
115 
72 
77 
97 
123 
106 
79 
73 
88 
87 
75 
51 
78 
76 
92 
117 
45 
111 
81 
41 
36 
40 
64 
126 
113 
89 
37 
2 
61 
99 
42 
43 
3 
110 
46 
13 
29 
33 
86 
80 
55 
59 
57 
23 
108 
122 
38 
15 
1 
