1 
17 
24 
9 
36 
43 
20 
60 
39 
125 
70 
93 
124 
69 
37 
102 
46 
119 
59 
99 
33 
81 
63 
85 
101 
7 
120 
2 
126 
111 
35 
21 
55 
29 
14 
57 
26 
89 
68 
62 
87 
13 
44 
94 
88 
123 
92 
98 
78 
54 
80 
100 
108 
83 
106 
73 
71 
31 
64 
75 
19 
51 
104 
110 
47 
121 
115 
82 
116 
52 
107 
103 
58 
11 
28 
38 
34 
12 
41 
49 
50 
56 
10 
8 
4 
109 
105 
3 
117 
53 
61 
114 
5 
25 
15 
66 
6 
27 
32 
90 
118 
23 
67 
45 
95 
84 
76 
96 
65 
91 
74 
48 
77 
86 
16 
72 
30 
97 
40 
22 
79 
18 
112 
113 
42 
122 
1 
