[(1511, 0.272723913192749), (1502, 3.8240911960601807), (1470, 4.103944778442383), (1435, 39.017271757125854), (1423, 103.65512371063232)]
[(1511, 0.2763335704803467), (1500, 2.0801877975463867), (1464, 6.042271614074707), (1452, 9.112686395645142), (1451, 14.029678583145142), (1436, 23.697814464569092), (1433, 78.97270631790161), (1415, 237.90255069732666)]
[(1511, 0.2636697292327881), (1503, 12.5498206615448), (1491, 16.60903811454773), (1450, 18.356828451156616), (1448, 40.225542068481445), (1419, 58.51851177215576), (1408, 75.7456259727478), (1405, 371.69000911712646)]
[(1511, 0.28057193756103516), (1455, 7.941881895065308), (1417, 231.0174424648285)]
[(1511, 0.26410603523254395), (1502, 2.8279757499694824), (1493, 21.186727285385132), (1462, 22.493349313735962), (1449, 35.3261444568634), (1430, 54.80032706260681), (1402, 264.8463394641876)]
[(1511, 0.26052212715148926), (1498, 1.6152820587158203), (1491, 4.884809732437134), (1485, 6.531662464141846), (1451, 38.754486322402954), (1445, 89.67224311828613), (1439, 172.4902367591858), (1424, 200.29136633872986)]
[(1511, 0.26117730140686035), (1502, 1.878563642501831), (1480, 12.847955465316772), (1436, 22.32300090789795), (1400, 209.07189202308655)]
[(1511, 0.2575807571411133), (1446, 5.959183931350708), (1422, 27.787368774414062), (1415, 145.4474081993103), (1405, 352.77837586402893)]
[(1511, 0.26578307151794434), (1510, 5.151912212371826), (1499, 9.233543634414673), (1472, 10.60420560836792), (1458, 28.598593950271606), (1445, 165.26575183868408), (1441, 174.01876521110535), (1388, 196.74813175201416)]
[(1511, 0.2817106246948242), (1497, 4.598773956298828), (1450, 12.174599647521973), (1421, 62.94009065628052)]
[(1511, 0.287182092666626), (1504, 2.175316333770752), (1454, 14.405710220336914), (1431, 21.51414132118225), (1418, 146.90523314476013)]
[(1511, 0.2820730209350586), (1466, 9.664712190628052), (1451, 24.771669149398804), (1447, 123.08199119567871), (1446, 207.13495635986328), (1424, 405.64244651794434), (1395, 578.1130938529968)]
[(1511, 0.27582812309265137), (1508, 6.290015697479248), (1499, 24.615556478500366), (1476, 42.82856369018555), (1472, 57.83496880531311), (1465, 63.030871868133545), (1431, 84.97764205932617), (1426, 227.36132979393005), (1372, 405.63444328308105)]
[(1511, 0.2638239860534668), (1503, 3.709475040435791), (1490, 6.251081466674805), (1471, 19.964494943618774), (1451, 35.63736629486084), (1441, 183.54102635383606), (1438, 356.02074933052063), (1403, 432.52279019355774)]
[(1511, 0.281299352645874), (1501, 4.136889219284058), (1497, 5.640076160430908), (1494, 19.749998092651367), (1478, 29.779441595077515), (1408, 35.00595474243164)]
[(1511, 0.27430248260498047), (1508, 6.802746772766113), (1481, 11.370861768722534), (1472, 33.346550941467285), (1451, 41.20238757133484), (1422, 209.59076166152954), (1419, 218.9314570426941), (1414, 530.8131279945374)]
[(1511, 0.28156399726867676), (1487, 4.147177219390869), (1477, 9.929609060287476), (1462, 35.39582085609436), (1454, 60.47289323806763), (1442, 289.57309126853943), (1426, 330.3541102409363)]
[(1511, 0.2661736011505127), (1502, 1.0870752334594727), (1471, 10.900299549102783), (1451, 11.17525601387024), (1439, 33.54101538658142), (1408, 308.875892162323)]
[(1511, 0.27013683319091797), (1458, 2.2990407943725586), (1450, 39.261242628097534), (1445, 240.82537245750427), (1435, 246.2154004573822), (1423, 266.4855225086212), (1420, 377.6698977947235), (1416, 527.1521279811859)]
[(1511, 0.2852160930633545), (1508, 4.251682996749878), (1497, 16.40797519683838), (1496, 31.95362949371338), (1490, 33.47643327713013), (1435, 34.69440817832947), (1431, 74.73485565185547)]
[(1511, 0.2641763687133789), (1492, 9.690625429153442), (1475, 36.66685771942139), (1467, 47.83528208732605), (1435, 64.97230553627014), (1419, 244.22783875465393)]
[(1511, 0.2586350440979004), (1478, 17.121453762054443), (1449, 47.76609396934509), (1445, 93.0703387260437), (1436, 243.84663820266724), (1395, 471.33381390571594)]
[(1511, 0.2590968608856201), (1435, 3.2814950942993164), (1433, 283.09622383117676), (1431, 327.8301739692688), (1426, 358.44509744644165), (1421, 412.63590145111084), (1410, 558.6510393619537)]
[(1511, 0.259610652923584), (1502, 4.350722312927246), (1477, 14.423274993896484), (1457, 22.849400281906128), (1423, 54.23215913772583), (1420, 356.070659160614)]
[(1511, 0.2656552791595459), (1483, 0.5547778606414795), (1435, 43.09641194343567), (1393, 339.47221326828003)]
