[(13360.104647581562, 0.25036025047302246), (13148.344259402027, 0.5018134117126465), (13129.035311711641, 0.7533082962036133), (13105.970096533081, 1.0045549869537354), (12884.545612258566, 1.2560694217681885), (12864.51063032773, 1.7583205699920654), (12809.222463419654, 3.265843629837036), (12784.069451747475, 5.023093223571777), (12748.761846913698, 5.2751994132995605), (12690.299338771461, 5.77685546875), (12673.261296534933, 8.03604507446289), (12591.769929303624, 10.547433376312256), (12566.396066543373, 12.807710886001587), (12353.062804064852, 14.064034461975098), (12247.628151342433, 44.71551585197449), (12230.943638585355, 83.15330696105957), (12105.18580557068, 182.34491872787476), (12064.664744345135, 236.30356073379517), (11928.694820176272, 259.92004227638245)]
[(12947.81594599444, 0.25068116188049316), (12815.641206516686, 0.7546823024749756), (12797.295479093289, 1.7607581615447998), (12605.606698481917, 2.5157551765441895), (12519.360643465692, 6.648195743560791), (12370.112711451458, 13.941394090652466), (12339.52497537136, 64.53817367553711), (12273.819809716944, 115.0885488986969), (12104.921259887527, 118.10748171806335), (12027.83809512213, 584.1888353824615)]
[(13065.828199285312, 0.2601017951965332), (12817.601082426276, 0.7626419067382812), (12630.858916104013, 2.019712209701538), (12539.35844694865, 3.02639102935791), (12395.305587421344, 4.536226987838745), (12121.951755282586, 6.2981977462768555)]
[(12878.4033247116, 0.2523767948150635), (12835.11253755902, 0.756072998046875), (12733.521141946476, 1.512098789215088), (12587.632111654497, 3.0217416286468506), (12579.06367281982, 9.559967756271362), (12308.11515760838, 11.57377576828003), (12290.419634895916, 11.82546353340149), (12239.693691060878, 126.16996240615845), (12161.08074467467, 247.12387466430664), (12123.06998200149, 274.5513095855713)]
[(13286.178940225225, 0.2514009475708008), (13066.416950555806, 0.5080595016479492), (12798.279589372605, 0.7609100341796875), (12458.502234089545, 1.2638843059539795), (12433.479309382243, 13.33263087272644), (12281.258272465622, 20.200825691223145), (11963.245724322554, 20.966917037963867), (11914.928805009436, 476.33535265922546)]
[(12887.107147733861, 0.25120019912719727), (12558.388975276539, 0.7540357112884521), (12259.217882440416, 10.809345483779907), (12198.689710246741, 35.46235728263855), (12124.091990825407, 210.4847981929779), (12014.519807759461, 233.3887665271759)]
[(13036.121408548459, 0.2522926330566406), (12877.55829324411, 0.5042946338653564), (12337.153689739502, 1.258861780166626), (12254.124125830504, 6.287328720092773), (12006.600676482867, 22.63234519958496)]
[(12840.20597128381, 0.2560279369354248), (12590.366022486407, 2.266927719116211), (12114.236014544926, 13.325320482254028), (12001.656130904625, 395.8483657836914)]
[(12423.728096238261, 0.25173497200012207), (12378.005396191209, 1.2595198154449463), (12336.65852923654, 19.87966275215149), (12322.478505622354, 27.934068202972412), (12306.747014610355, 34.226404666900635), (12305.962687358715, 70.96391820907593), (12201.445006451344, 73.73308873176575), (12191.558971701112, 136.40775179862976), (12182.985996885838, 250.70038652420044), (11886.10495010716, 288.4550414085388)]
[(13060.679277897008, 0.25484251976013184), (12939.332165173262, 0.5068559646606445), (12773.28562930677, 3.0204997062683105), (12687.00901052432, 7.28911280632019), (12402.09744975368, 11.819735527038574), (12400.116588822095, 28.94267511367798), (12187.757082143224, 31.967761278152466), (12171.085762305636, 254.9448583126068), (12029.886725320315, 355.6080174446106)]
[(12870.66966188685, 0.25126194953918457), (12742.791666371346, 2.008071184158325), (12678.530421210107, 5.019412517547607), (12333.63844510587, 10.035483121871948), (12318.075071398865, 53.230883836746216), (12278.177916687193, 61.01256537437439), (12122.117180071433, 71.80182719230652), (11765.962215777336, 380.3803713321686)]
[(12910.800908428508, 0.2510859966278076), (12906.618058367525, 0.5033130645751953), (12642.083908938308, 1.758009910583496), (12222.222493761115, 4.518303155899048), (12149.204281205828, 166.98844647407532), (12116.844807552283, 168.49377012252808), (12115.42666535828, 314.10505390167236), (12069.277915026025, 432.6550099849701), (11995.76544421853, 530.3468675613403)]
[(14210.386358288835, 0.25126051902770996), (13566.468151581776, 0.5027627944946289), (13062.731150059897, 0.7544236183166504), (12971.048001252238, 1.257781982421875), (12895.736909791358, 5.27669882774353), (12816.936218132918, 6.0294671058654785), (12802.64758325901, 7.284148931503296), (12750.88893002582, 8.790786981582642), (12334.972017650647, 9.042113542556763), (12320.98638294978, 13.061124086380005), (12074.63732038875, 58.52421522140503), (12059.999198829006, 344.1142749786377)]
[(12971.144152721083, 0.2507288455963135), (12868.476662114268, 0.7522330284118652), (12806.034734985105, 1.2536029815673828), (12731.981497745392, 1.5047657489776611), (12718.393227609387, 4.5139758586883545), (12532.782866840493, 5.015890598297119), (12480.812620599088, 8.278414487838745), (12349.676247639618, 9.033590078353882), (12237.99047606983, 25.106555938720703), (12186.602641311809, 113.27919483184814), (12107.82535944808, 203.23409485816956), (12070.907472832787, 504.3713536262512)]
[(13288.157866457139, 0.257537841796875), (13097.936406471414, 0.5086491107940674), (12780.941622606884, 0.7604668140411377), (12527.310497709297, 1.5133461952209473), (12369.688486613954, 10.303624391555786), (12253.815455033176, 23.391406059265137), (12208.718666301713, 50.56370258331299), (12095.327356103395, 165.2923402786255), (11949.845848628664, 422.1397747993469)]
[(13769.77104007923, 0.257735013961792), (13398.788232672812, 0.5090053081512451), (13146.750946465245, 0.7622160911560059), (12827.076633927836, 1.2653717994689941), (12757.683285409126, 5.291101694107056), (12286.60298049209, 7.050780296325684), (12092.048235364062, 51.56436610221863), (11838.311684987164, 319.3554801940918)]
[(12863.912534179772, 0.25574183464050293), (12746.55626540751, 1.0114688873291016), (12672.112194909623, 2.519824504852295), (12593.694715783666, 3.273834705352783), (12565.999403852295, 5.532791376113892), (12513.817501707477, 15.090248584747314), (12254.2594547374, 27.668707609176636), (12212.14056257928, 32.19770956039429), (12181.654293324314, 73.21644854545593), (12115.483373137988, 131.86840796470642), (12100.090927276815, 370.92214488983154)]
